  0.5000      0.0805
  0.5200      0.0701
  0.5400      0.0570
  0.5600      0.0444
  0.5800      0.0347
  0.6000      0.0300
  0.6200      0.0310
  0.6400      0.0376
  0.6600      0.0482
  0.6800      0.0607
  0.7000      0.0729
  0.7200      0.0824
  0.7400      0.0878
  0.7600      0.0885
  0.7800      0.0846
  0.8000      0.0775
  0.8200      0.0690
  0.8400      0.0610
  0.8600      0.0553
  0.8800      0.0531
  0.9000      0.0549
  0.9200      0.0603
  0.9400      0.0681
  0.9600      0.0769
  0.9800      0.0848
  1.0000      0.0904
  1.0200      0.0927
  1.0400      0.0916
  1.0600      0.0876
  1.0800      0.0819
  1.1000      0.0760
  1.1200      0.0715
  1.1400      0.0697
  1.1600      0.0715
  1.1800      0.0769
  1.2000      0.0853
  1.2200      0.0956
  1.2400      0.1064
  1.2600      0.1161
  1.2800      0.1237
  1.3000      0.1288
  1.3200      0.1314
  1.3400      0.1324
  1.3600      0.1334
  1.3800      0.1359
  1.4000      0.1416
  1.4200      0.1519
  1.4400      0.1674
  1.4600      0.1882
  1.4800      0.2138
  1.5000      0.2430
  1.5200      0.2747
  1.5400      0.3079
  1.5600      0.3419
  1.5800      0.3768
  1.6000      0.4135
  1.6200      0.4535
  1.6400      0.4987
  1.6600      0.5512
  1.6800      0.6127
  1.7000      0.6840
  1.7200      0.7652
  1.7400      0.8549
  1.7600      0.9506
  1.7800      1.0487
  1.8000      1.1453
  1.8200      1.2358
  1.8400      1.3164
  1.8600      1.3836
  1.8800      1.4352
  1.9000      1.4701
  1.9200      1.4883
  1.9400      1.4911
  1.9600      1.4801
  1.9800      1.4578
  2.0000      1.4262
  2.0200      1.3875
  2.0400      1.3433
  2.0600      1.2949
  2.0800      1.2431
  2.1000      1.1883
  2.1200      1.1312
  2.1400      1.0724
  2.1600      1.0127
  2.1800      0.9532
  2.2000      0.8955
  2.2200      0.8409
  2.2400      0.7909
  2.2600      0.7465
  2.2800      0.7085
  2.3000      0.6769
  2.3200      0.6513
  2.3400      0.6307
  2.3600      0.6140
  2.3800      0.5999
  2.4000      0.5872
  2.4200      0.5751
  2.4400      0.5632
  2.4600      0.5517
  2.4800      0.5411
  2.5000      0.5320
  2.5200      0.5253
  2.5400      0.5216
  2.5600      0.5212
  2.5800      0.5238
  2.6000      0.5289
  2.6200      0.5356
  2.6400      0.5428
  2.6600      0.5495
  2.6800      0.5548
  2.7000      0.5584
  2.7200      0.5604
  2.7400      0.5613
  2.7600      0.5621
  2.7800      0.5641
  2.8000      0.5683
  2.8200      0.5759
  2.8400      0.5873
  2.8600      0.6027
  2.8800      0.6217
  2.9000      0.6437
  2.9200      0.6677
  2.9400      0.6927
  2.9600      0.7180
  2.9800      0.7431
  3.0000      0.7682
  3.0200      0.7938
  3.0400      0.8207
  3.0600      0.8501
  3.0800      0.8831
  3.1000      0.9205
  3.1200      0.9629
  3.1400      1.0103
  3.1600      1.0622
  3.1800      1.1177
  3.2000      1.1757
  3.2200      1.2348
  3.2400      1.2940
  3.2600      1.3524
  3.2800      1.4095
  3.3000      1.4653
  3.3200      1.5201
  3.3400      1.5743
  3.3600      1.6284
  3.3800      1.6827
  3.4000      1.7371
  3.4200      1.7911
  3.4400      1.8440
  3.4600      1.8943
  3.4800      1.9406
  3.5000      1.9813
  3.5200      2.0151
  3.5400      2.0409
  3.5600      2.0580
  3.5800      2.0664
  3.6000      2.0663
  3.6200      2.0584
  3.6400      2.0435
  3.6600      2.0222
  3.6800      1.9952
  3.7000      1.9627
  3.7200      1.9246
  3.7400      1.8807
  3.7600      1.8304
  3.7800      1.7733
  3.8000      1.7090
  3.8200      1.6376
  3.8400      1.5597
  3.8600      1.4764
  3.8800      1.3893
  3.9000      1.3005
  3.9200      1.2120
  3.9400      1.1263
  3.9600      1.0453
  3.9800      0.9707
  4.0000      0.9034
  4.0200      0.8440
  4.0400      0.7924
  4.0600      0.7478
  4.0800      0.7094
  4.1000      0.6759
  4.1200      0.6462
  4.1400      0.6192
  4.1600      0.5941
  4.1800      0.5705
  4.2000      0.5483
  4.2200      0.5276
  4.2400      0.5086
  4.2600      0.4919
  4.2800      0.4777
  4.3000      0.4663
  4.3200      0.4579
  4.3400      0.4522
  4.3600      0.4490
  4.3800      0.4479
  4.4000      0.4484
  4.4200      0.4500
  4.4400      0.4523
  4.4600      0.4550
  4.4800      0.4579
  4.5000      0.4610
  4.5200      0.4646
  4.5400      0.4689
  4.5600      0.4741
  4.5800      0.4806
  4.6000      0.4886
  4.6200      0.4983
  4.6400      0.5097
  4.6600      0.5226
  4.6800      0.5368
  4.7000      0.5520
  4.7200      0.5679
  4.7400      0.5841
  4.7600      0.6002
  4.7800      0.6162
  4.8000      0.6320
  4.8200      0.6477
  4.8400      0.6634
  4.8600      0.6796
  4.8800      0.6964
  4.9000      0.7143
  4.9200      0.7333
  4.9400      0.7537
  4.9600      0.7754
  4.9800      0.7982
  5.0000      0.8218
  5.0200      0.8457
  5.0400      0.8697
  5.0600      0.8932
  5.0800      0.9161
  5.1000      0.9383
  5.1200      0.9597
  5.1400      0.9805
  5.1600      1.0010
  5.1800      1.0215
  5.2000      1.0422
  5.2200      1.0634
  5.2400      1.0851
  5.2600      1.1072
  5.2800      1.1292
  5.3000      1.1507
  5.3200      1.1711
  5.3400      1.1900
  5.3600      1.2068
  5.3800      1.2213
  5.4000      1.2333
  5.4200      1.2430
  5.4400      1.2506
  5.4600      1.2567
  5.4800      1.2618
  5.5000      1.2665
  5.5200      1.2710
  5.5400      1.2757
  5.5600      1.2807
  5.5800      1.2857
  5.6000      1.2905
  5.6200      1.2947
  5.6400      1.2978
  5.6600      1.2995
  5.6800      1.2993
  5.7000      1.2973
  5.7200      1.2933
  5.7400      1.2875
  5.7600      1.2803
  5.7800      1.2717
  5.8000      1.2622
  5.8200      1.2519
  5.8400      1.2409
  5.8600      1.2293
  5.8800      1.2170
  5.9000      1.2039
  5.9200      1.1901
  5.9400      1.1754
  5.9600      1.1601
  5.9800      1.1444
  6.0000      1.1286
  6.0200      1.1130
  6.0400      1.0981
  6.0600      1.0843
  6.0800      1.0717
  6.1000      1.0606
  6.1200      1.0510
  6.1400      1.0427
  6.1600      1.0357
  6.1800      1.0295
  6.2000      1.0242
  6.2200      1.0194
  6.2400      1.0151
  6.2600      1.0114
  6.2800      1.0083
  6.3000      1.0060
  6.3200      1.0046
  6.3400      1.0043
  6.3600      1.0050
  6.3800      1.0067
  6.4000      1.0091
  6.4200      1.0122
  6.4400      1.0155
  6.4600      1.0188
  6.4800      1.0219
  6.5000      1.0247
  6.5200      1.0271
  6.5400      1.0293
  6.5600      1.0312
  6.5800      1.0332
  6.6000      1.0353
  6.6200      1.0376
  6.6400      1.0400
  6.6600      1.0425
  6.6800      1.0447
  6.7000      1.0464
  6.7200      1.0473
  6.7400      1.0471
  6.7600      1.0458
  6.7800      1.0431
  6.8000      1.0392
  6.8200      1.0344
  6.8400      1.0287
  6.8600      1.0225
  6.8800      1.0160
  6.9000      1.0093
  6.9200      1.0023
  6.9400      0.9951
  6.9600      0.9875
  6.9800      0.9791
  7.0000      0.9699
  7.0200      0.9596
  7.0400      0.9483
  7.0600      0.9362
  7.0800      0.9233
  7.1000      0.9102
  7.1200      0.8972
  7.1400      0.8848
  7.1600      0.8734
  7.1800      0.8631
  7.2000      0.8540
  7.2200      0.8462
  7.2400      0.8394
  7.2600      0.8334
  7.2800      0.8279
  7.3000      0.8227
  7.3200      0.8177
  7.3400      0.8129
  7.3600      0.8084
  7.3800      0.8044
  7.4000      0.8012
  7.4200      0.7989
  7.4400      0.7979
  7.4600      0.7983
  7.4800      0.7998
  7.5000      0.8025
  7.5200      0.8060
  7.5400      0.8101
  7.5600      0.8144
  7.5800      0.8187
  7.6000      0.8229
  7.6200      0.8269
  7.6400      0.8311
  7.6600      0.8354
  7.6800      0.8403
  7.7000      0.8460
  7.7200      0.8527
  7.7400      0.8604
  7.7600      0.8691
  7.7800      0.8785
  7.8000      0.8885
  7.8200      0.8985
  7.8400      0.9083
  7.8600      0.9175
  7.8800      0.9259
  7.9000      0.9335
  7.9200      0.9404
  7.9400      0.9469
  7.9600      0.9532
  7.9800      0.9597
  8.0000      0.9667
  8.0200      0.9745
  8.0400      0.9831
  8.0600      0.9926
  8.0800      1.0028
  8.1000      1.0136
  8.1200      1.0245
  8.1400      1.0355
  8.1600      1.0461
  8.1800      1.0563
  8.2000      1.0661
  8.2200      1.0753
  8.2400      1.0841
  8.2600      1.0926
  8.2800      1.1009
  8.3000      1.1091
  8.3200      1.1172
  8.3400      1.1252
  8.3600      1.1331
  8.3800      1.1406
  8.4000      1.1476
  8.4200      1.1539
  8.4400      1.1595
  8.4600      1.1642
  8.4800      1.1682
  8.5000      1.1713
  8.5200      1.1738
  8.5400      1.1758
  8.5600      1.1775
  8.5800      1.1791
  8.6000      1.1805
  8.6200      1.1818
  8.6400      1.1831
  8.6600      1.1842
  8.6800      1.1850
  8.7000      1.1854
  8.7200      1.1850
  8.7400      1.1839
  8.7600      1.1817
  8.7800      1.1784
  8.8000      1.1739
  8.8200      1.1682
  8.8400      1.1613
  8.8600      1.1535
  8.8800      1.1448
  8.9000      1.1355
  8.9200      1.1259
  8.9400      1.1161
  8.9600      1.1066
  8.9800      1.0973
  9.0000      1.0886
  9.0200      1.0803
  9.0400      1.0726
  9.0600      1.0653
  9.0800      1.0582
  9.1000      1.0513
  9.1200      1.0443
  9.1400      1.0371
  9.1600      1.0296
  9.1800      1.0218
  9.2000      1.0136
  9.2200      1.0053
  9.2400      0.9970
  9.2600      0.9889
  9.2800      0.9812
  9.3000      0.9740
  9.3200      0.9675
  9.3400      0.9616
  9.3600      0.9564
  9.3800      0.9517
  9.4000      0.9473
  9.4200      0.9432
  9.4400      0.9392
  9.4600      0.9352
  9.4800      0.9310
  9.5000      0.9267
  9.5200      0.9223
  9.5400      0.9178
  9.5600      0.9135
  9.5800      0.9092
  9.6000      0.9053
  9.6200      0.9017
  9.6400      0.8985
  9.6600      0.8958
  9.6800      0.8936
  9.7000      0.8920
  9.7200      0.8908
  9.7400      0.8902
  9.7600      0.8902
  9.7800      0.8907
  9.8000      0.8917
  9.8200      0.8931
  9.8400      0.8948
  9.8600      0.8967
  9.8800      0.8985
  9.9000      0.9002
  9.9200      0.9016
  9.9400      0.9024
  9.9600      0.9027
  9.9800      0.9026
 10.0000      0.9019
 10.0200      0.9010
 10.0400      0.9001
 10.0600      0.8993
 10.0800      0.8989
 10.1000      0.8991
 10.1200      0.8999
 10.1400      0.9015
 10.1600      0.9039
 10.1800      0.9069
 10.2000      0.9104
 10.2200      0.9144
 10.2400      0.9187
 10.2600      0.9232
 10.2800      0.9279
 10.3000      0.9328
 10.3200      0.9379
 10.3400      0.9431
 10.3600      0.9484
 10.3800      0.9538
 10.4000      0.9590
 10.4200      0.9639
 10.4400      0.9684
 10.4600      0.9724
 10.4800      0.9758
 10.5000      0.9785
 10.5200      0.9809
 10.5400      0.9830
 10.5600      0.9852
 10.5800      0.9879
 10.6000      0.9913
 10.6200      0.9956
 10.6400      1.0010
 10.6600      1.0073
 10.6800      1.0144
 10.7000      1.0219
 10.7200      1.0292
 10.7400      1.0360
 10.7600      1.0417
 10.7800      1.0461
 10.8000      1.0490
 10.8200      1.0505
 10.8400      1.0508
 10.8600      1.0504
 10.8800      1.0497
 10.9000      1.0492
 10.9200      1.0493
 10.9400      1.0503
 10.9600      1.0523
 10.9800      1.0551
 11.0000      1.0585
 11.0200      1.0620
 11.0400      1.0652
 11.0600      1.0679
 11.0800      1.0698
 11.1000      1.0708
 11.1200      1.0710
 11.1400      1.0707
 11.1600      1.0703
 11.1800      1.0703
 11.2000      1.0709
 11.2200      1.0724
 11.2400      1.0749
 11.2600      1.0783
 11.2800      1.0822
 11.3000      1.0861
 11.3200      1.0897
 11.3400      1.0925
 11.3600      1.0939
 11.3800      1.0939
 11.4000      1.0925
 11.4200      1.0897
 11.4400      1.0859
 11.4600      1.0816
 11.4800      1.0771
 11.5000      1.0728
 11.5200      1.0691
 11.5400      1.0660
 11.5600      1.0636
 11.5800      1.0618
 11.6000      1.0602
 11.6200      1.0587
 11.6400      1.0571
 11.6600      1.0551
 11.6800      1.0527
 11.7000      1.0499
 11.7200      1.0468
 11.7400      1.0435
 11.7600      1.0402
 11.7800      1.0370
 11.8000      1.0339
 11.8200      1.0309
 11.8400      1.0279
 11.8600      1.0246
 11.8800      1.0211
 11.9000      1.0170
 11.9200      1.0123
 11.9400      1.0072
 11.9600      1.0017
 11.9800      0.9960
 12.0000      0.9905
 12.0200      0.9854
 12.0400      0.9809
 12.0600      0.9772
 12.0800      0.9743
 12.1000      0.9721
 12.1200      0.9705
 12.1400      0.9692
 12.1600      0.9679
 12.1800      0.9664
 12.2000      0.9645
 12.2200      0.9621
 12.2400      0.9592
 12.2600      0.9560
 12.2800      0.9527
 12.3000      0.9496
 12.3200      0.9468
 12.3400      0.9445
 12.3600      0.9427
 12.3800      0.9416
 12.4000      0.9408
 12.4200      0.9402
 12.4400      0.9396
 12.4600      0.9387
 12.4800      0.9374
 12.5000      0.9356
 12.5200      0.9334
 12.5400      0.9308
 12.5600      0.9281
 12.5800      0.9256
 12.6000      0.9235
 12.6200      0.9222
 12.6400      0.9218
 12.6600      0.9224
 12.6800      0.9241
 12.7000      0.9267
 12.7200      0.9299
 12.7400      0.9337
 12.7600      0.9376
 12.7800      0.9414
 12.8000      0.9449
 12.8200      0.9479
 12.8400      0.9504
 12.8600      0.9522
 12.8800      0.9535
 12.9000      0.9544
 12.9200      0.9550
 12.9400      0.9555
 12.9600      0.9560
 12.9800      0.9566
 13.0000      0.9575
 13.0200      0.9588
 13.0400      0.9604
 13.0600      0.9625
 13.0800      0.9649
 13.1000      0.9677
 13.1200      0.9707
 13.1400      0.9739
 13.1600      0.9772
 13.1800      0.9805
 13.2000      0.9839
 13.2200      0.9872
 13.2400      0.9904
 13.2600      0.9937
 13.2800      0.9969
 13.3000      1.0001
 13.3200      1.0034
 13.3400      1.0068
 13.3600      1.0102
 13.3800      1.0135
 13.4000      1.0168
 13.4200      1.0199
 13.4400      1.0227
 13.4600      1.0252
 13.4800      1.0274
 13.5000      1.0292
 13.5200      1.0307
 13.5400      1.0319
 13.5600      1.0331
 13.5800      1.0343
 13.6000      1.0357
 13.6200      1.0374
 13.6400      1.0394
 13.6600      1.0416
 13.6800      1.0442
 13.7000      1.0469
 13.7200      1.0495
 13.7400      1.0520
 13.7600      1.0541
 13.7800      1.0557
 13.8000      1.0569
 13.8200      1.0575
 13.8400      1.0577
 13.8600      1.0575
 13.8800      1.0570
 13.9000      1.0565
 13.9200      1.0560
 13.9400      1.0556
 13.9600      1.0553
 13.9800      1.0551
 14.0000      1.0550
 14.0200      1.0549
 14.0400      1.0547
 14.0600      1.0543
 14.0800      1.0536
 14.1000      1.0526
 14.1200      1.0513
 14.1400      1.0496
 14.1600      1.0478
 14.1800      1.0457
 14.2000      1.0435
 14.2200      1.0413
 14.2400      1.0391
 14.2600      1.0369
 14.2800      1.0347
 14.3000      1.0326
 14.3200      1.0306
 14.3400      1.0287
 14.3600      1.0268
 14.3800      1.0250
 14.4000      1.0233
 14.4200      1.0216
 14.4400      1.0199
 14.4600      1.0181
 14.4800      1.0163
 14.5000      1.0142
 14.5200      1.0120
 14.5400      1.0095
 14.5600      1.0068
 14.5800      1.0039
 14.6000      1.0009
 14.6200      0.9978
 14.6400      0.9947
 14.6600      0.9917
 14.6800      0.9890
 14.7000      0.9866
 14.7200      0.9844
 14.7400      0.9824
 14.7600      0.9807
 14.7800      0.9792
 14.8000      0.9777
 14.8200      0.9762
 14.8400      0.9747
 14.8600      0.9731
 14.8800      0.9715
 14.9000      0.9700
 14.9200      0.9685
 14.9400      0.9671
 14.9600      0.9658
 14.9800      0.9648
 15.0000      0.9638
 15.0200      0.9629
 15.0400      0.9620
 15.0600      0.9611
 15.0800      0.9600
 15.1000      0.9589
 15.1200      0.9576
 15.1400      0.9563
 15.1600      0.9551
 15.1800      0.9542
 15.2000      0.9536
 15.2200      0.9535
 15.2400      0.9539
 15.2600      0.9547
 15.2800      0.9560
 15.3000      0.9576
 15.3200      0.9593
 15.3400      0.9609
 15.3600      0.9624
 15.3800      0.9637
 15.4000      0.9646
 15.4200      0.9654
 15.4400      0.9660
 15.4600      0.9665
 15.4800      0.9671
 15.5000      0.9679
 15.5200      0.9689
 15.5400      0.9701
 15.5600      0.9715
 15.5800      0.9728
 15.6000      0.9741
 15.6200      0.9752
 15.6400      0.9761
 15.6600      0.9768
 15.6800      0.9773
 15.7000      0.9778
 15.7200      0.9785
 15.7400      0.9796
 15.7600      0.9812
 15.7800      0.9835
 15.8000      0.9864
 15.8200      0.9898
 15.8400      0.9935
 15.8600      0.9972
 15.8800      1.0005
 15.9000      1.0033
 15.9200      1.0054
 15.9400      1.0066
 15.9600      1.0071
 15.9800      1.0070
 16.0000      1.0066
 16.0200      1.0062
 16.0400      1.0062
 16.0600      1.0069
 16.0800      1.0084
 16.1000      1.0108
 16.1200      1.0139
 16.1400      1.0175
 16.1600      1.0213
 16.1800      1.0248
 16.2000      1.0278
 16.2200      1.0301
 16.2400      1.0314
 16.2600      1.0318
 16.2800      1.0315
 16.3000      1.0306
 16.3200      1.0294
 16.3400      1.0283
 16.3600      1.0274
 16.3800      1.0268
 16.4000      1.0267
 16.4200      1.0269
 16.4400      1.0274
 16.4600      1.0280
 16.4800      1.0285
 16.5000      1.0288
 16.5200      1.0287
 16.5400      1.0284
 16.5600      1.0280
 16.5800      1.0275
 16.6000      1.0271
 16.6200      1.0270
 16.6400      1.0274
 16.6600      1.0280
 16.6800      1.0291
 16.7000      1.0303
 16.7200      1.0315
 16.7400      1.0325
 16.7600      1.0331
 16.7800      1.0331
 16.8000      1.0326
 16.8200      1.0314
 16.8400      1.0298
 16.8600      1.0278
 16.8800      1.0256
 16.9000      1.0234
 16.9200      1.0213
 16.9400      1.0193
 16.9600      1.0175
 16.9800      1.0159
 17.0000      1.0144
 17.0200      1.0128
 17.0400      1.0112
 17.0600      1.0095
 17.0800      1.0077
 17.1000      1.0059
 17.1200      1.0042
 17.1400      1.0028
 17.1600      1.0016
 17.1800      1.0009
 17.2000      1.0005
 17.2200      1.0005
 17.2400      1.0006
 17.2600      1.0007
 17.2800      1.0006
 17.3000      1.0002
 17.3200      0.9993
 17.3400      0.9980
 17.3600      0.9962
 17.3800      0.9941
 17.4000      0.9919
 17.4200      0.9897
 17.4400      0.9876
 17.4600      0.9859
 17.4800      0.9846
 17.5000      0.9837
 17.5200      0.9830
 17.5400      0.9825
 17.5600      0.9820
 17.5800      0.9814
 17.6000      0.9807
 17.6200      0.9797
 17.6400      0.9786
 17.6600      0.9774
 17.6800      0.9763
 17.7000      0.9754
 17.7200      0.9748
 17.7400      0.9747
 17.7600      0.9749
 17.7800      0.9755
 17.8000      0.9764
 17.8200      0.9773
 17.8400      0.9781
 17.8600      0.9787
 17.8800      0.9790
 17.9000      0.9789
 17.9200      0.9785
 17.9400      0.9778
 17.9600      0.9772
 17.9800      0.9766
 18.0000      0.9763
 18.0200      0.9764
 18.0400      0.9769
 18.0600      0.9779
 18.0800      0.9792
 18.1000      0.9807
 18.1200      0.9823
 18.1400      0.9837
 18.1600      0.9848
 18.1800      0.9856
 18.2000      0.9859
 18.2200      0.9859
 18.2400      0.9857
 18.2600      0.9853
 18.2800      0.9851
 18.3000      0.9850
 18.3200      0.9853
 18.3400      0.9859
 18.3600      0.9870
 18.3800      0.9885
 18.4000      0.9902
 18.4200      0.9921
 18.4400      0.9940
 18.4600      0.9959
 18.4800      0.9975
 18.5000      0.9988
 18.5200      0.9998
 18.5400      1.0005
 18.5600      1.0009
 18.5800      1.0011
 18.6000      1.0011
 18.6200      1.0010
 18.6400      1.0010
 18.6600      1.0010
 18.6800      1.0012
 18.7000      1.0017
 18.7200      1.0023
 18.7400      1.0032
 18.7600      1.0042
 18.7800      1.0054
 18.8000      1.0067
 18.8200      1.0080
 18.8400      1.0093
 18.8600      1.0104
 18.8800      1.0113
 18.9000      1.0120
 18.9200      1.0125
 18.9400      1.0129
 18.9600      1.0133
 18.9800      1.0136
 19.0000      1.0141
 19.0200      1.0148
 19.0400      1.0157
 19.0600      1.0168
 19.0800      1.0180
 19.1000      1.0193
 19.1200      1.0205
 19.1400      1.0214
 19.1600      1.0220
 19.1800      1.0221
 19.2000      1.0217
 19.2200      1.0209
 19.2400      1.0198
 19.2600      1.0185
 19.2800      1.0173
 19.3000      1.0163
 19.3200      1.0158
 19.3400      1.0158
 19.3600      1.0165
 19.3800      1.0178
 19.4000      1.0194
 19.4200      1.0213
 19.4400      1.0231
 19.4600      1.0246
 19.4800      1.0255
 19.5000      1.0255
 19.5200      1.0247
 19.5400      1.0229
 19.5600      1.0204
 19.5800      1.0173
 19.6000      1.0138
 19.6200      1.0103
 19.6400      1.0071
 19.6600      1.0044
 19.6800      1.0023
 19.7000      1.0009
 19.7200      1.0002
 19.7400      1.0001
 19.7600      1.0004
 19.7800      1.0009
 19.8000      1.0015
 19.8200      1.0019
 19.8400      1.0020
 19.8600      1.0018
 19.8800      1.0012
 19.9000      1.0003
 19.9200      0.9991
 19.9400      0.9977
 19.9600      0.9963
 19.9800      0.9948
 20.0000      0.9934
 20.0200      0.9921
 20.0400      0.9909
 20.0600      0.9898
 20.0800      0.9888
 20.1000      0.9880
 20.1200      0.9872
 20.1400      0.9866
 20.1600      0.9862
 20.1800      0.9860
 20.2000      0.9860
 20.2200      0.9862
 20.2400      0.9867
 20.2600      0.9874
 20.2800      0.9882
 20.3000      0.9890
 20.3200      0.9898
 20.3400      0.9904
 20.3600      0.9908
 20.3800      0.9909
 20.4000      0.9907
 20.4200      0.9902
 20.4400      0.9895
 20.4600      0.9886
 20.4800      0.9877
 20.5000      0.9869
 20.5200      0.9862
 20.5400      0.9858
 20.5600      0.9857
 20.5800      0.9858
 20.6000      0.9861
 20.6200      0.9866
 20.6400      0.9872
 20.6600      0.9877
 20.6800      0.9882
 20.7000      0.9884
 20.7200      0.9885
 20.7400      0.9885
 20.7600      0.9883
 20.7800      0.9882
 20.8000      0.9880
 20.8200      0.9881
 20.8400      0.9883
 20.8600      0.9887
 20.8800      0.9893
 20.9000      0.9902
 20.9200      0.9912
 20.9400      0.9922
 20.9600      0.9933
 20.9800      0.9943
 21.0000      0.9952
 21.0200      0.9959
 21.0400      0.9965
 21.0600      0.9970
 21.0800      0.9974
 21.1000      0.9979
 21.1200      0.9984
 21.1400      0.9989
 21.1600      0.9996
 21.1800      1.0002
 21.2000      1.0009
 21.2200      1.0016
 21.2400      1.0021
 21.2600      1.0025
 21.2800      1.0027
 21.3000      1.0027
 21.3200      1.0027
 21.3400      1.0025
 21.3600      1.0024
 21.3800      1.0025
 21.4000      1.0027
 21.4200      1.0032
 21.4400      1.0040
 21.4600      1.0050
 21.4800      1.0063
 21.5000      1.0077
 21.5200      1.0091
 21.5400      1.0104
 21.5600      1.0114
 21.5800      1.0121
 21.6000      1.0124
 21.6200      1.0124
 21.6400      1.0120
 21.6600      1.0114
 21.6800      1.0106
 21.7000      1.0099
 21.7200      1.0093
 21.7400      1.0089
 21.7600      1.0087
 21.7800      1.0089
 21.8000      1.0093
 21.8200      1.0100
 21.8400      1.0108
 21.8600      1.0116
 21.8800      1.0124
 21.9000      1.0130
 21.9200      1.0133
 21.9400      1.0134
 21.9600      1.0131
 21.9800      1.0125
 22.0000      1.0116
 22.0200      1.0105
 22.0400      1.0093
 22.0600      1.0081
 22.0800      1.0069
 22.1000      1.0058
 22.1200      1.0049
 22.1400      1.0043
 22.1600      1.0039
 22.1800      1.0038
 22.2000      1.0038
 22.2200      1.0040
 22.2400      1.0043
 22.2600      1.0046
 22.2800      1.0047
 22.3000      1.0048
 22.3200      1.0046
 22.3400      1.0043
 22.3600      1.0037
 22.3800      1.0031
 22.4000      1.0024
 22.4200      1.0017
 22.4400      1.0010
 22.4600      1.0005
 22.4800      1.0001
 22.5000      0.9999
 22.5200      0.9997
 22.5400      0.9996
 22.5600      0.9994
 22.5800      0.9991
 22.6000      0.9987
 22.6200      0.9980
 22.6400      0.9970
 22.6600      0.9959
 22.6800      0.9947
 22.7000      0.9935
 22.7200      0.9924
 22.7400      0.9916
 22.7600      0.9910
 22.7800      0.9908
 22.8000      0.9910
 22.8200      0.9914
 22.8400      0.9921
 22.8600      0.9928
 22.8800      0.9936
 22.9000      0.9941
 22.9200      0.9944
 22.9400      0.9945
 22.9600      0.9942
 22.9800      0.9938
 23.0000      0.9931
 23.0200      0.9925
 23.0400      0.9919
 23.0600      0.9915
 23.0800      0.9914
 23.1000      0.9916
 23.1200      0.9920
 23.1400      0.9928
 23.1600      0.9936
 23.1800      0.9946
 23.2000      0.9956
 23.2200      0.9965
 23.2400      0.9971
 23.2600      0.9976
 23.2800      0.9978
 23.3000      0.9978
 23.3200      0.9975
 23.3400      0.9971
 23.3600      0.9965
 23.3800      0.9958
 23.4000      0.9952
 23.4200      0.9945
 23.4400      0.9939
 23.4600      0.9935
 23.4800      0.9932
 23.5000      0.9932
 23.5200      0.9934
 23.5400      0.9939
 23.5600      0.9946
 23.5800      0.9955
 23.6000      0.9966
 23.6200      0.9977
 23.6400      0.9989
 23.6600      1.0000
 23.6800      1.0009
 23.7000      1.0015
 23.7200      1.0019
 23.7400      1.0020
 23.7600      1.0018
 23.7800      1.0015
 23.8000      1.0010
 23.8200      1.0004
 23.8400      0.9999
 23.8600      0.9994
 23.8800      0.9991
 23.9000      0.9989
 23.9200      0.9988
 23.9400      0.9989
 23.9600      0.9990
 23.9800      0.9991
 24.0000      0.9993
 24.0200      0.9995
 24.0400      0.9997
 24.0600      1.0000
 24.0800      1.0004
 24.1000      1.0008
 24.1200      1.0014
 24.1400      1.0021
 24.1600      1.0028
 24.1800      1.0036
 24.2000      1.0042
 24.2200      1.0048
 24.2400      1.0052
 24.2600      1.0054
 24.2800      1.0054
 24.3000      1.0053
 24.3200      1.0051
 24.3400      1.0048
 24.3600      1.0046
 24.3800      1.0045
 24.4000      1.0046
 24.4200      1.0049
 24.4400      1.0052
 24.4600      1.0057
 24.4800      1.0061
 24.5000      1.0064
 24.5200      1.0066
 24.5400      1.0065
 24.5600      1.0063
 24.5800      1.0059
 24.6000      1.0054
 24.6200      1.0049
 24.6400      1.0046
 24.6600      1.0044
 24.6800      1.0045
 24.7000      1.0047
 24.7200      1.0052
 24.7400      1.0057
 24.7600      1.0062
 24.7800      1.0066
 24.8000      1.0067
 24.8200      1.0065
 24.8400      1.0061
 24.8600      1.0054
 24.8800      1.0045
 24.9000      1.0036
 24.9200      1.0028
 24.9400      1.0021
 24.9600      1.0018
 24.9800      1.0017
 25.0000      1.0019
 25.0200      1.0022
 25.0400      1.0025
 25.0600      1.0027
 25.0800      1.0026
 25.1000      1.0022
 25.1200      1.0015
 25.1400      1.0004
 25.1600      0.9992
 25.1800      0.9978
 25.2000      0.9966
 25.2200      0.9957
 25.2400      0.9952
 25.2600      0.9951
 25.2800      0.9955
 25.3000      0.9963
 25.3200      0.9972
 25.3400      0.9982
 25.3600      0.9991
 25.3800      0.9996
 25.4000      0.9997
 25.4200      0.9994
 25.4400      0.9986
 25.4600      0.9976
 25.4800      0.9964
